255949986103392@lid
5511930900121
554192475364
556799634051
558171188980
558173167632
558173286983
558173474120
558174012831
558179068274
558179151792
558181026432
558181109498
558181293971
558181373081
558181471787
558181549468
558181692717
558181863430
558182045365
558182192010
558182243517
558182707600
558183039715
558183106106
558183140241
558183246828
558183344493
558183352753
558183374290
558183413115
558183430682
558183494874
558183539541
558183553120
558183559074
558183589768
558183663649
558183692327
558183698582
558183853665
558183940681
558184027544
558184088591
558184109425
558184216944
558184221027
558184318844
558184401782
558184414706
558184471096
558184483401
558184553195
558184572020
558184640012
558184651027
558184711577
558184768356
558184784565
558184836197
558184873750
558184897708
558185021029
558185070094
558185122053
558185166086
558185215788
558185238572
558185254817
558185309035
558185337779
558185387222
558185423246
558185478972
558185494954
558185525103
558185553910
558185555477
558185591127
558185628507
558185709423
558185755312
558185799726
558185805847
558185826504
558185841475
558185861379
558185912281
558185938533
558185977010
558186030662
558186050094
558186084791
558186104106
558186130058
558186175572
558186199109
558186236009
558186240659
558186294739
558186326604
558186332369
558186393800
558186404735
558186457236
558186498608
558186518160
558186607285
558186704503
558186768470
558186823782
558186828266
558186853543
558186880265
558186886373
558186903048
558186908807
558186941468
558186969731
558187002491
558187073466
558187115636
558187144970
558187183166
558187210479
558187246194
558187275786
558187293811
558187323412
558187394852
558187407360
558187431933
558187434701
558187499128
558187511655
558187531204
558187562116
558187584978
558187613253
558187650000
558187700579
558187733689
558187734290
558187794825
558187801684
558187810979
558187844624
558187872386
558187905271
558187967133
558187979829
558187997545
558188039123
558188071500
558188081062
558188095542
558188101245
558188152181
558188160276
558188164834
558188188419
558188221037
558188260888
558188276422
558188347325
558188360438
558188402775
558188448047
558188470589
558188496931
558188559469
558188578935
558188603659
558188646488
558188719349
558188751588
558188768207
558188787312
558188852989
558188861416
558188918721
558188933563
558188981278
558189027387
558189115705
558189149594
558189175125
558189370005
558189634030
558189769221
558189926601
558191087685
558191193769
558191249589
558191334243
558191414184
558191498762
558191570159
558191612382
558191680943
558191851845
558191921749
558191959185
558191966693
558192071141
558192161742
558192438262
558192661244
558192778804
558192958979
558193255675
558193284834
558193391096
558193480105
558193565125
558193770883
558193871494
558194042007
558194069490
558194111055
558194366375
558194437630
558194759879
558194917629
558194953225
558194998208
558195027393
558195091364
558195117675
558195170719
558195196902
558195216527
558195219561
558195269996
558195286671
558195326320
558195335000
558195467099
558195552362
558195693976
558195755534
558195930003
558195952405
558195975113
558196053836
558196106487
558196145092
558196183694
558196206867
558196308928
558196331560
558196381444
558196409480
558196448304
558196507652
558196517857
558196582380
558196610778
558196625079
558196673200
558196714488
558196739216
558196808677
558196814867
558196822626
558196836416
558196847478
558196997877
558197022883
558197037824
558197080551
558197103012
558197119600
558197161038
558197216872
558197253217
558197319338
558197376802
558197390256
558197406233
558197422896
558197495999
558197509962
558197526398
558197558016
558197637352
558197708605
558197726476
558197785356
558197819609
558197983497
558198016818
558198039630
558198069187
558198145601
558198175394
558198216173
558198237085
558198298192
558198323819
558198332888
558198394103
558198449378
558198495607
558198528299
558198537003
558198566743
558198605538
558198673450
5581987082204
558198726391
558198745717
558198748130
558198808760
558198840321
558198893117
558198900291
558198927502
558199098314
558199150078
558199245141
558199276134
558199311724
558199345022
558199426913
558199443565
558199468960
558199514470
558199547666
558199602571
558199638793
558199644908
558199674588
558199744479
558199778756
558199916289
558199958311
558199977449
558394146606
559281195991
